0.000      39.000
10.000     39.000
20.000     39.000
30.000     39.000
40.000     39.000
50.000     39.000
60.000     39.000
70.000     39.000
80.000     39.000
90.000     39.000
100.000    39.000
110.000    39.000
119.999    39.000
129.999    38.000
139.999    38.000
150.000    38.000
159.999    38.000
169.999    38.000
179.999    38.000
190.000    38.000
200.000    38.000
209.999    38.000
220.000    38.000
229.999    38.000
239.999    37.000
250.000    37.000
259.999    37.000
270.000    37.000
279.999    37.000
289.999    37.000
300.000    37.000
309.999    36.000
319.999    36.000
329.999    36.000
339.999    36.000
350.000    36.000
359.999    36.000
369.999    36.000
379.999    36.000
389.999    36.000
400.000    36.000
409.999    36.000
419.999    35.000
429.999    35.000
440.000    35.000
450.000    35.000
459.999    35.000
469.999    35.000
479.999    35.000
490.000    35.000
500.000    34.000
509.999    34.000
519.999    34.000
529.999    34.000
540.000    34.000
550.000    34.000
559.999    34.000
569.999    34.000
579.999    34.000
590.000    34.000
600.000    34.000
609.999    33.000
619.999    33.000
629.999    33.000
639.999    33.000
650.000    33.000
659.999    33.000
669.999    33.000
679.999    33.000
689.999    33.000
700.000    33.000
709.999    32.000
719.999    32.000
729.999    32.000
739.999    32.000
750.000    32.000
759.999    32.000
769.999    32.000
779.999    32.000
789.999    32.000
800.000    32.000
809.999    32.000
819.999    32.000
830.000    31.000
839.999    31.000
850.000    31.000
859.999    31.000
869.999    31.000
880.000    31.000
889.999    31.000
900.000    31.000
909.999    31.000
919.999    31.000
930.000    31.000
939.999    31.000
950.000    31.000
959.999    30.000
969.999    30.000
980.000    30.000
989.999    30.000
1000.000   30.000
1009.999   30.000
1019.999   30.000
1030.000   30.000
1039.999   30.000
1050.000   30.000
1059.999   30.000
1070.000   30.000
1080.000   29.000
1090.000   29.000
1100.000   29.000
1110.000   29.000
1120.000   29.000
1129.999   29.000
1139.999   29.000
1149.999   29.000
1159.999   29.000
1169.999   29.000
1180.000   29.000
1189.999   29.000
1200.000   29.000
1209.999   28.000
1220.000   28.000
1230.000   28.000
1240.000   28.000
1250.000   28.000
1259.999   28.000
1269.999   28.000
1279.999   28.000
1289.999   28.000
1300.000   28.000
1309.999   28.000
1320.000   28.000
1329.999   27.000
1340.000   27.000
1350.000   27.000
1360.000   27.000
1370.000   27.000
1379.999   27.000
1389.999   27.000
1399.999   27.000
1409.999   27.000
1419.999   27.000
1429.999   27.000
1439.999   27.000
1450.000   27.000
1459.999   27.000
1470.000   26.000
1479.999   26.000
1490.000   26.000
1500.000   26.000
1509.999   26.000
1519.999   26.000
1529.999   26.000
1539.999   26.000
1550.000   26.000
1559.999   26.000
1570.000   26.000
1579.999   26.000
1590.000   26.000
1600.000   26.000
1610.000   26.000
1619.999   26.000
1630.000   25.000
1639.999   25.000
1650.000   25.000
1660.000   25.000
1669.999   25.000
1679.999   25.000
1689.999   25.000
1700.000   25.000
1710.000   25.000
1719.999   25.000
1729.999   25.000
1740.000   25.000
1750.000   25.000
1760.000   25.000
1769.999   25.000
1779.999   24.000
1789.999   24.000
1800.000   24.000
