Tid          Akselerasjon
0.0          11.047041000000002
0.00214      12.3837516
0.00428      11.780755844212958
0.00642      9.900954084855911
0.00856      9.90060544387216
0.0107       9.907179763205997
0.01284      9.48950404141619
0.01498      11.77833282014204
0.01712      9.897816667581957
0.01926      11.77552985027252
0.0214       10.41580794752737
0.02354      10.414414258077876
0.02568      9.428887103114908
0.02782      10.799661788561137
0.02996      8.43734266623176
0.0321       9.423908263791935
0.03424      10.40525052959886
0.03638      11.759618534329478
0.03852      9.56091833469544
0.04066      9.924669216508505
0.0428       9.363355321567688
0.04494      11.748181070351315
0.04708      9.810887807759798
0.04922      9.355251118854222
0.05136      9.80481240856718
0.0535       11.7336355179112
0.05564      9.864790669788608
0.05778      9.79467410662386
0.05992      9.388616472610947
0.06206      9.335521095590726
0.0642       9.88862280216941
0.06634      9.838703746854367
0.06848      11.701417674774978
0.07062      8.386725744457765
0.07276      10.728078396287815
0.0749       9.76166072921966
0.07704      9.355922383341037
0.07918      10.946752309160352
0.08132      10.94113728628991
0.08346      9.576108677859365
0.0856       8.35747788407612
0.08774      9.166687429365387
0.08988      9.276840137784818
0.09202      11.636042207996923
0.09416      9.314996061842946
0.0963       9.699691959527781
0.09844      9.738992475682927
0.10058      9.248552104870038
0.10272      11.599278843024994
0.10486      11.670217546798755
0.107        9.51198807044822
0.10914      11.654185945338055
0.11128      10.60034058505308
0.11342      9.095948762594881
0.11556      9.423780674780387
0.1177       9.641818280572263
0.11984      9.634458595169358
0.12198      11.52462090258071
0.12412      8.256798193866146
0.12626      9.269566258945625
0.1284       12.43172930724902
0.13054      12.421381957876521
0.13268      9.193589045231022
0.13482      11.545017135446667
0.13696      9.562522061565833
0.1391       8.208020438709008
0.14124      10.724332837411458
0.14338      10.108054136467082
0.14552      9.597138377964827
0.14766      11.405332613647207
0.1498       10.079509666515655
0.15194      10.673906127644672
0.15408      11.448901793538468
0.15622      11.437488969940771
0.15836      9.259244892813943
0.1605       10.403599101137932
0.16264      9.49687198670299
0.16478      9.11476085346088
0.16692      9.997773741925554
0.16906      9.180735659893024
0.1712       10.574636495506097
0.17334      12.181109573621486
0.17548      9.39126099455393
0.17762      9.448852225521662
0.17976      9.218583016152467
0.1819       9.207894065237026
0.18404      11.200189159850568
0.18618      8.961157768157987
0.18832      11.249308321369808
0.19046      11.235660071449368
0.1926       12.053124946347403
0.19474      11.207962307906971
0.19688      11.11845801287521
0.19902      9.823326321823274
0.20116      11.165423226911825
0.2033       7.941857219071895
0.20544      11.061342100754878
0.20758      11.047191920723634
0.20972      10.344857572179665
0.21186      9.262148103050539
0.214        11.002177633171138
0.21614      11.881014005710444
0.21828      11.046303319952655
0.22042      10.054159818279304
0.22256      9.238219269892515
0.2247       8.913726102350463
0.22684      8.958552913422084
0.22898      9.158487240193244
0.23112      8.713632323240668
0.23326      9.135352080830172
0.2354       10.170076303232477
0.23754      8.628992163714797
0.23968      8.50875334834155
0.24182      9.039640391580187
0.24396      9.062493946974929
0.2461       8.621515002180226
0.24824      11.62034032152875
0.25038      9.83201599972149
0.25252      8.982326036680899
0.25466      8.521717076069041
0.2568       9.01558953755242
0.25894      9.000863287762009
0.26108      8.95077504803337
0.26322      8.559739229901833
0.26536      10.678924464599314
0.2675       8.899609514969832
0.26964      10.57153006441016
0.27178      8.304269683145412
0.27392      7.553955406656781
0.27606      10.516560213073129
0.2782       8.457804753848619
0.28034      8.522281187462557
0.28248      8.590194810766203
0.28462      8.756362879915892
0.28676      8.766828476034997
0.2889       9.756685218597301
0.29104      8.528352463891506
0.29318      9.721013826468798
0.29532      11.189478157291614
0.29746      8.660672783257642
0.2996       8.465259490359658
0.30174      8.449296278442072
0.30388      9.411373474925854
0.30602      8.066112350037589
0.30816      7.335845505476851
0.3103       8.179314097523658
0.31244      8.604917977504202
0.31458      8.548248472534638
0.31672      9.51867675185066
0.31886      10.131225573628527
0.321        9.4808253856237
0.32314      8.205603346375794
0.32528      10.138231190976674
0.32742      8.485389755837058
0.32956      8.370413409294024
0.3317       8.41144998243189
0.33384      8.046408388392988
0.33598      8.325960057262858
0.33812      9.32638566974443
0.34026      9.09517985198216
0.3424       9.90434593578324
0.34454      8.308538838195664
0.34668      8.01971742049922
0.34882      7.927926772759563
0.35096      7.910766352746821
0.3531       7.9677529458367875
0.35524      8.222426089761187
0.35738      8.20092540850599
0.35952      9.127017388925836
0.36166      8.112844857025344
0.3638       10.478332107307319
0.36594      8.131422166357186
0.36808      8.14502720081009
0.37022      8.819777298412083
0.37236      7.88511379810747
0.3745       7.867031110166147
0.37664      9.55875249414222
0.37878      8.436083338115205
0.38092      8.416445566632127
0.38306      7.6469957331069205
0.3852       9.469454582181083
0.38734      7.610998706915855
0.38948      7.873114882844678
0.39162      7.670968755041592
0.39376      7.885496847337367
0.3959       10.118394714619866
0.39804      9.397790016042746
0.40018      7.597190712374107
0.40232      7.812551372900829
0.40446      8.689073051144916
0.4066       7.774190458958869
0.40874      8.461174591424093
0.41088      7.73015769194051
0.41302      7.713147040570026
0.41516      9.15163827728134
0.4173       7.62577805219131
0.41944      7.255419537546293
0.42158      7.635549664387089
0.42372      8.301780184961762
0.42586      7.6296496951139465
0.428        7.576989742587876
0.43014      9.05040382615965
0.43228      7.223464923113957
0.43442      7.2046371855969795
0.43656      8.17359354401062
0.4387       7.304871936706587
0.44084      8.932587154471026
0.44298      7.437050688617524
0.44512      7.246963909414115
0.44726      6.926183485292631
0.4494       7.360809327024143
0.45154      7.330059036296471
0.45368      7.287056884786617
0.45582      7.323187941983052
0.45796      7.084583277945834
0.4601       8.65972129481981
0.46224      8.09804309179398
0.46438      7.902901992647237
0.46652      7.597558641122458
0.46866      7.198059917822383
0.4708       8.598607703101733
0.47294      7.108360062102475
0.47508      7.1215772083805025
0.47722      6.8229562398273345
0.47936      8.44533693329935
0.4815       7.0795784250497045
0.48364      9.080261798864688
0.48578      6.745711395594449
0.48792      8.776326252952671
0.49006      6.770058030139985
0.4922       6.978646787720727
0.49434      6.908178545600314
0.49648      6.610864851874454
0.49862      7.540805094408064
0.50076      6.7373128056797515
0.5029       8.23609127712763
0.50504      6.632984692082481
0.50718      6.819266220700397
0.50932      6.615248179011591
0.51146      6.794272719325198
0.5136       6.805523421120684
0.51574      6.598613111003466
0.51788      6.515190420956757
0.52002      6.715063859738692
0.52216      7.307458940274866
0.5243       6.703514246257061
0.52644      8.320001789940111
0.52858      5.658029806425414
0.53072      6.959061023030903
0.53286      8.480487701470492
0.535        8.45434275695978
0.53714      8.192929900256715
0.53928      6.515328042921346
0.54142      8.142106003908212
0.54356      8.11669794794422
0.5457       7.063440977963518
0.54784      7.195255118834991
0.54998      7.700950481942894
0.55212      7.6248860864285355
0.55426      6.373500895023475
0.5564       6.181524209872457
0.55854      6.377043690672145
0.56068      5.998718008130136
0.56282      6.886205450568492
0.56496      6.864082767762843
0.5671       6.063369136348839
0.56924      6.222662610077397
0.57138      6.182825569105303
0.57352      6.0632326535482965
0.57566      7.359731047405433
0.5778       6.169696360529049
0.57994      6.856239664192502
0.58208      6.687472169725285
0.58422      5.818478614753687
0.58636      7.239670716049334
0.5885       6.041622134477974
0.59064      7.1917530352065056
0.59278      7.2164642294399455
0.59492      5.981504355700995
0.59706      5.673350864748463
0.5992       5.965727573075396
0.60134      5.971580298365173
0.60348      5.882838184514778
0.60562      6.44608808569884
0.60776      5.711751571798189
0.6099       6.977026197603002
0.61204      5.845628582702446
0.61418      5.851064604709236
0.61632      5.615944968142449
0.61846      6.882137106423486
0.6206       5.5774379604358835
0.62274      5.446121516257804
0.62488      6.811497720484587
0.62702      5.437165364155524
0.62916      5.711349177933174
0.6313       6.740806505278219
0.63344      5.462406953301491
0.63558      5.392617389956279
0.63772      6.670357462406198
0.63986      5.23031709422327
0.642        6.069526058995996
0.64414      5.526012169638203
0.64628      5.506471346835667
0.64842      5.279591967282575
0.65056      5.467465862576797
0.6527       5.430717883470597
0.65484      5.272510052624239
0.65698      6.9859581967167115
0.65912      5.397810339937761
0.66126      5.394555154219458
0.6634       5.1972581564833575
0.66554      5.074077588467736
0.66768      5.336394381563968
0.66982      5.301166709085644
0.67196      5.0191393800023265
0.6741       5.0562793580213645
0.67624      6.295623969137805
0.67838      5.200043718005996
0.68052      5.491413221046287
0.68266      5.675422734230129
0.6848       5.778225955959633
0.68694      5.626072151629767
0.68908      4.927886214193246
0.69122      4.971981286826023
0.69336      4.98564520035943
0.6955       5.072279545486614
0.69764      5.045885431363973
0.69978      5.311356339186264
0.70192      6.287705637119853
0.70406      4.973740580971578
0.7062       5.251963741112215
0.70834      5.5461648558397805
0.71048      5.892311611187192
0.71262      4.702183787572196
0.71476      4.71135160518281
0.7169       4.783881123533025
0.71904      4.719681889237354
0.72118      5.298287472807457
0.72332      4.58940318092877
0.72546      5.258003227992668
0.7276       4.77057774289003
0.72974      5.732560254887899
0.73188      4.463421505321952
0.73402      4.639782637495278
0.73616      5.628805109800979
0.7383       4.694577255749671
0.74044      5.125263254723608
0.74258      4.921794874639941
0.74472      4.361118471980378
0.74686      4.643093165665935
0.749        4.327306570724172
0.75114      4.4545709174055625
0.75328      5.11647633794847
0.75542      4.980624557174216
0.75756      5.450486321978137
0.7597       4.243424268029558
0.76184      5.646236117126581
0.76398      4.486354696198907
0.76612      4.499741734683907
0.76826      4.69573979642169
0.7704       4.446744344589473
0.77254      4.144012685761681
0.77468      3.761119680731479
0.77682      5.224683822767629
0.77896      4.192323838361622
0.7811       4.346096150114671
0.78324      5.162476131367234
0.78538      4.32257974009926
0.78752      3.6720203897679955
0.78966      4.78281484883557
0.7918       5.340012258492576
0.79394      4.636591225356957
0.79608      4.205889737820707
0.79822      5.018887016717361
0.80036      5.405311099900398
0.8025       4.66829192357087
0.80464      3.950791087828347
0.80678      4.125145852130365
0.80892      4.134584990342197
0.81106      4.107151105379218
0.8132       4.099751395177815
0.81534      4.085927734211523
0.81748      5.231910903352266
0.81962      4.851148257112477
0.82176      4.034270831487496
0.8239       3.9242928139304962
0.82604      3.9758283248414417
0.82818      3.892067094970178
0.83032      3.9682853844430817
0.83246      3.9507270187554875
0.8346       3.730130369309138
0.83674      3.918104004267549
0.83888      3.9030201442989996
0.84102      3.6381162105016123
0.84316      3.8722696695122574
0.8453       4.585101705061449
0.84744      3.8400777785331566
0.84958      4.546933035506677
0.85172      3.791027068755523
0.85386      3.7631857605220276
0.856        3.791123616233142
0.85814      3.749155749132353
0.86028      4.452465815155367
0.86242      3.7288502295864285
0.86456      3.711600815987279
0.8667       4.396263781701986
0.86884      3.5067140609062633
0.87098      3.5119617189888204
0.87312      3.648184040411608
0.87526      4.5435473609956984
0.8774       3.8074711919066586
0.87954      4.2857114301902435
0.88168      4.614694936244282
0.88382      3.4893375406760665
0.88596      3.8774356848460534
0.8881       4.555909470785414
0.89024      3.360449922611514
0.89238      4.517019635325338
0.89452      3.4824944681263688
0.89666      3.8003437180143647
0.8988       3.8667756233952697
0.90094      4.106061855312163
0.90308      3.2748277583647583
0.90522      2.9188026576534223
0.90736      3.39862046631386
0.9095       4.03569217240102
0.91164      3.5545333041530447
0.91378      3.2047049394841416
0.91592      3.3275761544571894
0.91806      3.333279541658043
0.9202       3.1631683626977662
0.92234      3.093853989240625
0.92448      3.2899812436015363
0.92662      4.214586406928493
0.92876      3.9068060034132053
0.9309       3.112627506918951
0.93304      3.2479627358921195
0.93518      3.114457778717166
0.93732      3.000492875394498
0.93946      3.4788977063521473
0.9416       3.0116671831958586
0.94374      3.763155433374046
0.94588      3.1296804848475013
0.94802      3.115895131563254
0.95016      2.6627434230104576
0.9523       3.6971053499078983
0.95444      3.4515050085987746
0.95658      3.358122824061374
0.95872      3.9451026828674904
0.96086      3.6322489053094804
0.963        3.041233957388571
0.96514      3.0396604953596897
0.96728      3.0142721266007264
0.96942      3.7505863595471074
0.97156      2.830375592649
0.9737       2.8177584412594237
0.97584      2.5243444207495154
0.97798      3.6841236283282486
0.98012      2.9332859766689916
0.98226      2.92016002027046
0.9844       3.168821384154953
0.98654      3.1589145630144393
0.98868      2.8627998784348665
0.99082      3.1263529988489935
0.99296      2.77089239562315
0.9951       2.842377506377903
0.99724      2.745999913660362
0.99938      2.809565553653052
1.00152      3.6068195609318927
1.00366      2.784257196546612
1.0058       2.790938602169382
1.00794      2.3593730390607943
1.01008      3.2755118985288836
1.01222      3.427539082356549
1.01436      2.729949744169801
1.0165       2.653266658360941
1.01864      2.715866737457747
1.02078      2.6909840563392935
1.02292      2.553118855387215
1.02506      2.90747852381464
1.0272       2.644379768409152
1.02934      2.581593224950537
1.03148      2.493640573095887
1.03362      2.2337325522713405
1.03576      2.529966588753005
1.0379       2.832531826268629
1.04004      3.322594167555365
1.04218      2.1930870363923645
1.04432      3.2921765944439354
1.04646      2.548794618253455
1.0486       2.537077434765271
1.05074      2.441830575597565
1.05288      2.4543086313758757
1.05502      2.427277314088228
1.05716      2.961476437937747
1.0593       2.4624207938813023
1.06144      2.4774315500686015
1.06358      2.0941372316892597
1.06572      2.4439211078256378
1.06786      2.44320858431064
