Tid          Akselerasjon
0.0          10.4217516
0.00276      8.447391
0.00552      9.673428121654602
0.00828      9.899313244320435
0.01104      11.775699540669784
0.0138       9.900612630522232
0.01656      9.25921896914664
0.01932      11.7607708828868
0.02208      9.364909906575663
0.02484      11.744331993330954
0.0276       10.753581080337879
0.03036      9.44525964841407
0.03312      9.820875037140446
0.03588      9.809930336069762
0.03864      9.310579770446934
0.0414       11.669415609574244
0.04416      9.796727371619689
0.04692      10.677292595493652
0.04968      9.539332934168982
0.05244      9.28990488903029
0.0552       9.732434808044369
0.05796      12.494866452973199
0.06072      11.531854379650321
0.06348      11.586013988237596
0.06624      10.158208176440915
0.069        9.592725168711212
0.07176      9.613091226862165
0.07452      9.589477420095456
0.07728      10.66430606661037
0.08004      10.394300062971054
0.0828       9.449344807709467
0.08556      9.26219250009766
0.08832      10.306190734391189
0.09108      9.033273390760721
0.09384      8.79572047999044
0.0966       8.76751136579069
0.09936      9.030744272641188
0.10212      9.087945991953635
0.10488      8.997998718738188
0.10764      10.98971213443941
0.1104       9.204810499138524
0.11316      9.995853759927286
0.11592      9.068941422128926
0.11868      10.896432346754247
0.12144      9.065995064672638
0.1242       9.496504577742742
0.12696      8.921987615388424
0.12972      11.188485965884013
0.13248      8.906316585254658
0.13524      8.846234623029721
0.138        11.03887619159714
0.14076      8.78749966131667
0.14352      8.69040722490793
0.14628      11.195129502965234
0.14904      8.660841941980875
0.1518       8.167705554997662
0.15456      9.021744120065565
0.15732      7.983596607327741
0.16008      9.248423068201255
0.16284      10.552000313815448
0.1656       7.9552769251118765
0.16836      8.34715925058164
0.17112      10.378553117468133
0.17388      8.219846419535568
0.17664      8.184707087668853
0.1794       10.200304453105755
0.18216      9.646626569371364
0.18492      8.028193571683481
0.18768      8.430580506573289
0.19044      7.727327865158739
0.1932       9.47601158881441
0.19596      8.273671324414563
0.19872      7.4046460699914745
0.20148      7.765058509246462
0.20424      7.710936583050791
0.207        7.6629682551303215
0.20976      7.588784700508795
0.21252      7.502175013736341
0.21528      8.927282839877332
0.21804      7.398995458124785
0.2208       7.051408282516757
0.22356      8.740428002981682
0.22632      7.298512747631432
0.22908      7.274266709063179
0.23184      7.221115199294331
0.2346       7.139696522130405
0.23736      7.083554024932308
0.24012      7.397662645334186
0.24288      8.299229218949105
0.24564      6.895316917615971
0.2484       6.867857596594459
0.25116      6.798750197291125
0.25392      6.762659819565904
0.25668      6.70897749618652
0.25944      6.377745646321322
0.2622       7.9057073213576565
0.26496      6.550536422740605
0.26772      6.187715244393312
0.27048      6.4237925491001056
0.27324      6.1779068254907274
0.276        7.063833281853534
0.27876      5.35581698593341
0.28152      6.022371654709857
0.28428      6.156529074712653
0.28704      5.218986564233269
0.2898       7.264007464624493
0.29256      6.3266763426860875
0.29532      5.92157879036653
0.29808      5.769009949062781
0.30084      7.009815559427176
0.3036       5.629343645045165
0.30636      5.560133500135831
0.30912      6.775037734655438
0.31188      6.1513108074542915
0.31464      5.357897720124369
0.3174       7.124644878239747
0.32016      5.981236816720662
0.32292      5.396288337779057
0.32568      5.225040616683215
0.32844      5.332791031807463
0.3312       6.6040279134453135
0.33396      6.222252092818962
0.33672      5.6542894930097
0.33948      5.721687866892749
0.34224      5.0589133866458615
0.345        5.4823985760288245
0.34776      5.435571156747782
0.35052      5.904309311584378
0.35328      4.650771162398341
0.35604      4.8124116170569184
0.3588       5.689625049088306
0.36156      5.632170947725313
0.36432      4.706978784315176
0.36708      4.64052137034357
0.36984      5.740264286183674
0.3726       4.531787573524841
0.37536      4.901187170644207
0.37812      5.328524809118169
0.38088      4.4016341528017735
0.38364      5.182180610303813
0.3864       5.162287663023297
0.38916      4.234212607867638
0.39192      4.020556014824743
0.39468      4.174544499437077
0.39744      3.957557753680225
0.4002       3.990311893337522
0.40296      3.9090277070527355
0.40572      3.9684246094570534
0.40848      4.315604445583834
0.41124      4.651695404888954
0.414        3.6201534980725434
0.41676      4.549817061623014
0.41952      4.128979998811317
0.42228      3.584839405456294
0.42504      4.4001426779655946
0.4278       4.380548093541232
0.43056      3.6169382441659432
0.43332      3.5617674993711215
0.43608      3.5513803418165004
0.43884      3.497430732139815
0.4416       4.111219128720272
0.44436      3.4081734484755972
0.44712      4.2236599393645395
0.44988      3.164977670734173
0.45264      3.2800123093829012
0.4554       4.0798047383494564
0.45816      3.201932966044002
0.46092      4.1004213242994165
0.46368      3.748003174543212
0.46644      2.656071576453956
0.4692       3.077745673375202
0.47196      3.3926866547457157
0.47472      2.93608761822676
0.47748      2.8155250687866222
0.48024      2.782289784150995
0.483        3.166264529869886
0.48576      2.44475853689236
0.48852      2.415682710312279
0.49128      2.780772550466153
0.49404      3.5565990144046253
0.4968       2.7438499245752097
0.49956      2.57180419601612
0.50232      2.647404422552915
0.50508      2.6237967005069494
0.50784      2.5861523849285772
0.5106       2.4951754193832683
0.51336      2.5238019889902072
0.51612      3.004660032036614
0.51888      2.764393111094669
0.52164      2.3912021022497334
0.5244       2.8764626622343585
0.52716      2.841058237416369
0.52992      2.235979731658915
0.53268      2.5433180558147868
0.53544      1.9628176948498357
0.5382       2.1985574495854077
0.54096      2.2456394063239236
0.54372      2.202797791196712
0.54648      2.189286881671306
0.54924      2.0491638954164566
0.552        2.5396984146315704
0.55476      2.3516444122217055
0.55752      1.7757272940043705
0.56028      1.9485333860050646
0.56304      2.611135457126937
0.5658       1.9578676808665851
0.56856      1.6880902979781789
0.57132      1.8965004253419357
0.57408      1.9379198886050235
0.57684      2.0794297881861077
0.5796       2.2373096459868504
0.58236      1.857789965442904
0.58512      2.3582224419247355
0.58788      1.7246408971455027
0.59064      1.6725993869128792
0.5934       1.7717930805108497
0.59616      1.6300984236887686
0.59892      1.7122344025980039
0.60168      1.697862414122486
0.60444      2.154939051976746
0.6072       1.6153434636596342
0.60996      1.5644155369983126
0.61272      1.5997958739916232
0.61548      1.5841586797560232
0.61824      1.751219120061713
0.621        1.7285435912889542
0.62376      1.6696207364140174
0.62652      1.7958472802292167
0.62928      1.4897096060161876
0.63204      1.4713762697217694
0.6348       1.3910749891756122
0.63756      1.3578924374989372
0.64032      1.5412803622953155
0.64308      1.5232093481964892
0.64584      1.3778060352541022
0.6486       1.3190479160750426
0.65136      1.496155453600867
0.65412      1.5745942963261599
0.65688      1.5644504760552018
0.65964      1.221894160294052
0.6624       1.4190183434851904
0.66516      1.3684828895348846
0.66792      1.2356953194399356
0.67068      1.2221632420810131
0.67344      1.1560627611662042
0.6762       1.2526166948537236
0.67896      1.3972186176852202
0.68172      1.154368853108869
0.68448      1.1433598359902752
0.68724      1.2317972272261646
0.69         1.1183698606488073
0.69276      1.0942446130082575
0.69552      1.0888051776093817
0.69828      1.1675320203150237
0.70104      1.1105268606396492
0.7038       1.2470026074263265
0.70656      0.9970386423226124
0.70932      1.0063325536284298
0.71208      1.1976654938233176
0.71484      1.0770092925138581
0.7176       0.9111967147258995
0.72036      0.9565341803195836
0.72312      0.9437006086141959
0.72588      0.9324189476460476
0.72864      0.92264966384696
0.7314       0.9032957853762198
0.73416      0.8979969219874152
0.73692      0.8819416362908059
0.73968      0.8700590723237633
0.74244      0.833654514154088
0.7452       0.9483084426543369
0.74796      0.7949437852105624
0.75072      1.0345381298198786
0.75348      0.7895278362001187
0.75624      1.0067512026833492
0.759        0.7910489330484609
0.76176      0.9319813699592027
0.76452      0.8132928275675317
0.76728      0.9130437016944205
0.77004      0.703958435646008
0.7728       0.9542426320168269
0.77556      0.7976853714626344
0.77832      0.7166413163763014
0.78108      0.7120394488207531
0.78384      0.765590390625036
0.7866       0.7561997995738824
0.78936      0.5828461814714624
0.79212      0.6740498555718019
0.79488      0.6677592239304164
0.79764      0.8435230191254361
0.8004       0.6277403630494813
0.80316      0.6354244491780432
0.80592      0.8094463417338822
0.80868      0.7433247112472507
0.81144      0.5979821549392038
0.8142       0.5841028388680568
0.81696      0.7084322853192527
0.81972      0.5874272697044577
0.82248      0.6938416199325574
0.82524      0.5416149265079017
0.828        0.5930639664256673
0.83076      0.5849311430530506
0.83352      0.7052002681377785
0.83628      0.6431897911905644
0.83904      0.5948461535967122
0.8418       0.625645399046439
0.84456      0.6170735680671048
0.84732      0.5118357448649907
0.85008      0.5044373288788948
0.85284      0.49785278302103086
0.8556       0.51644543735357
0.85836      0.4805453126907889
0.86112      0.5210641968053461
0.86388      0.513186095653843
0.86664      0.46450230356699057
0.8694       0.4546015627643693
0.87216      0.45178075225775144
0.87492      0.4967542075802523
0.87768      0.4162900009007694
0.88044      0.4230821658732994
0.8832       0.4656323997531602
0.88596      0.4114760328854413
0.88872      0.41437982185526595
0.89148      0.3834918110288202
0.89424      0.5051970583006602
0.897        0.444432714435751
0.89976      0.38380549060515573
0.90252      0.4229686837736066
0.90528      0.37085259660330655
0.90804      0.4847255380642922
0.9108       0.36927321961776993
0.91356      0.4713891852283953
0.91632      0.46485656656398444
0.91908      0.4267981880161236
0.92184      0.29975583150023644
0.9246       0.41224535552044594
0.92736      0.34325704858367095
0.93012      0.33459154978746786
0.93288      0.3706975652448577
0.93564      0.38984867843441645
0.9384       0.30970555418778734
0.94116      0.3790952680462472
0.94392      0.40422777692963946
0.94668      0.3100272970216806
0.94944      0.3036540396317234
0.9522       0.3767854239868881
0.95496      0.32390623888410996
0.95772      0.29116171858602025
0.96048      0.2868561103504342
0.96324      0.3109983263686849
0.966        0.27917565168570047
0.96876      0.301989248433309
0.97152      0.2557077201418583
0.97428      0.2553218284755141
0.97704      0.28994199669115567
0.9798       0.2756183809884593
0.98256      0.2815349158554339
0.98532      0.2540248870071886
0.98808      0.24371305419694128
0.99084      0.2762036852841531
0.9936       0.23849876273372206
0.99636      0.3010488425794939
0.99912      0.25913990851533597
1.00188      0.19966603316853793
1.00464      0.2886228153073922
1.0074       0.28459446291795143
1.01016      0.22452667833302234
1.01292      0.2147634082313059
1.01568      0.21820957138796995
1.01844      0.20812809019232775
1.0212       0.23157334592189874
1.02396      0.2091303487293802
1.02672      0.2453638510147422
1.02948      0.19673792164155335
1.03224      0.19108303005563268
1.035        0.19768192612947919
1.03776      0.19374024779799845
1.04052      0.2144337661376771
1.04328      0.1883595396533538
1.04604      0.23370364122530032
1.0488       0.18437157734593698
1.05156      0.1741389332051033
1.05432      0.17995459719297216
1.05708      0.17673975042699971
1.05984      0.1684989631192877
1.0626       0.1607652676723005
1.06536      0.16381430391355653
1.06812      0.14241871108236095
1.07088      0.1592587633228845
1.07364      0.15467673837657583
1.0764       0.17853128665296883
1.07916      0.15788487361638792
1.08192      0.18509309407749233
1.08468      0.18373816843935664
1.08744      0.1799422004145749
1.0902       0.1482122667782069
1.09296      0.14225920790056865
1.09572      0.14496234080809012
1.09848      0.14297254072624335
1.10124      0.13194800454099068
1.104        0.1324340415697374
1.10676      0.1762719885231257
1.10952      0.1350798810626664
1.11228      0.15954391317699754
1.11504      0.15730584469863163
1.1178       0.12527913869461743
1.12056      0.14243104409576393
1.12332      0.14976677712181596
1.12608      0.12381758123884465
1.12884      0.12207986515423527
1.1316       0.114377946535748
1.13436      0.12520107975787476
1.13712      0.11727804599678636
1.13988      0.11563153047226402
1.14264      0.11331906572723663
1.1454       0.13374598289072231
1.14816      0.10507468495999363
1.15092      0.12191748628489855
1.15368      0.1386196468164183
1.15644      0.10548838024890099
1.1592       0.104763002385726
1.16196      0.11274459942690712
1.16472      0.12195900284563964
1.16748      0.10045090344861834
1.17024      0.10417170153403482
1.173        0.09251205490204539
1.17576      0.09584448565919684
1.17852      0.09178091847788317
1.18128      0.12032865510833678
1.18404      0.09199660130069609
1.1868       0.09568978914552322
1.18956      0.07647132921407167
1.19232      0.08878380651205893
1.19508      0.09171024881971772
1.19784      0.08590459508947383
1.2006       0.08072484524759463
1.20336      0.08389437339953887
1.20612      0.10593084358356068
1.20888      0.0769588691606125
1.21164      0.07984903288496085
1.2144       0.07892911546475129
1.21716      0.0745737897372877
1.21992      0.0762377710015025
1.22268      0.07533745662876527
1.22544      0.07404184731976513
1.2282       0.08746380235155293
1.23096      0.06907617913316359
1.23372      0.07102316764854005
1.23648      0.0659612487665081
1.23924      0.06945795511070256
1.242        0.07466827381319646
1.24476      0.07371768579235843
1.24752      0.06461932191741998
1.25028      0.07808802860685207
1.25304      0.07751129653808085
1.2558       0.07978962806136823
1.25856      0.06294130385357097
1.26132      0.07428354869912553
1.26408      0.06090768269490951
1.26684      0.059912806009448594
1.2696       0.057502619487566936
1.27236      0.06397287762033405
1.27512      0.05476735162010506
1.27788      0.06776462259504348
1.28064      0.05486162212335897
1.2834       0.0537408931469723
1.28616      0.054834530923979836
1.28892      0.052237738635209544
1.29168      0.06312771953554908
1.29444      0.05505617306329592
1.2972       0.04943382120298116
1.29996      0.05543728085254366
1.30272      0.052762093347824064
1.30548      0.049420688086912
1.30824      0.06094102043800326
1.311        0.05754517031325202
1.31376      0.05284194097789136
1.31652      0.05098245292674752
1.31928      0.04586256336768232
1.32204      0.049555829851835445
1.3248       0.043438861241478915
1.32756      0.03763916243920886
1.33032      0.03710874361228796
1.33308      0.046757233917707926
1.33584      0.04609827977332327
1.3386       0.05213310762095095
1.34136      0.04015118524729609
1.34412      0.04070419897910896
1.34688      0.03970309578349506
1.34964      0.039393152134312236
1.3524       0.03885403818668261
1.35516      0.03829042198933496
1.35792      0.035969697635838946
1.36068      0.03723398412776215
1.36344      0.035163704158899335
1.3662       0.04653249384426158
1.36896      0.039782156543608685
1.37172      0.035153231397933374
1.37448      0.03452713249360955
1.37724      0.0343280940168148
