
0.1058       8.533646684181951
0.1104       7.864840896796628
0.115        6.990965525507755
0.1196       8.895136133841138
0.1242       6.487951853605828
0.1288       6.699089125993197
0.1334       6.536924266806038
0.138        6.712573704015084
0.1426       7.368980900087573
0.1472       6.3258715821593325
0.1518       5.6571797455509465
0.1564       6.718687623697569
0.161        5.961629870687606
0.1656       5.290462365502236
0.1702       5.139479594560447
0.1748       4.711603332837975
0.1794       4.775395714330774
0.184        4.607533988570724
0.1886       5.718197949846321
0.1932       4.671485105344068
0.1978       4.500906943643551
0.2024       3.8588007684075847
0.207        3.8270458824228233
0.2116       3.5960185458700824
0.2162       3.514463034290189
0.2208       4.376258335937573
0.2254       3.567634128736962
0.23         3.036002538579873
0.2346       2.990887273998914
0.2392       2.9031839138950337
0.2438       3.466517100152131
0.2484       2.6389252897267035
0.253        3.0303640667475036
0.2576       2.9034284464173385
0.2622       2.321036439322151
0.2668       2.2328045701596633
0.2714       2.338918491376158
0.276        2.2351776430004073
0.2806       2.333453397464135
0.2852       1.8762798164170316
0.2898       1.7948402670509696
0.2944       1.913005518926825
0.299        1.6010890672981368
0.3036       1.562287400439064
0.3082       1.4182579530284796
0.3128       1.7870713410074521
0.3174       1.5223770507694951
0.322        1.422439371597096
0.3266       1.235051212675354
0.3312       1.1313640996033711
0.3358       1.4168130230442488
0.3404       1.2861046426025768
0.345        1.0240286748891232
0.3496       0.9325556725146407
0.3542       1.1162810060088248
0.3588       1.064488765700041
0.3634       1.021906496541917
0.368        1.0464723506672244
0.3726       0.8161224511537832
0.3772       0.7425240163018828
0.3818       0.66785854980621
0.3864       0.6517039652222023
0.391        0.6097440692595577
0.3956       0.5917539179433388
0.4002       0.5638085723537399
0.4048       0.5180732264858506
0.4094       0.588111738305497
0.414        0.49057763123639314
0.4186       0.569043165978524
0.4232       0.5082172478065367
0.4278       0.4061736464061398
0.4324       0.3960159977217839
0.437        0.43893083073310235
0.4416       0.3590907215603545
0.4462       0.4243970093093963
0.4508       0.28974067588024255
0.4554       0.38471023205527183
0.46         0.3078210358166635
0.4646       0.36651731222465367
0.4692       0.2708043975205327
0.4738       0.26394560324533517
0.4784       0.2527727968157904
0.483        0.28821944183931353
0.4876       0.21441974681334058
0.4922       0.21812411091911013
0.4968       0.2594685474686008
0.5014       0.1916662071320177
0.506        0.22357742399208588
0.5106       0.17359688147256067
0.5152       0.17023336381698606
0.5198       0.17046645653371223
0.5244       0.16221880584265144
0.529        0.16362873058403032
0.5336       0.14020547054513297
0.5382       0.15800481510430953
0.5428       0.11831046080834677
0.5474       0.14403123083740382
0.552        0.10711676039713755
0.5566       0.10375138918688188
0.5612       0.12323665459509188
0.5658       0.10995216832950065
0.5704       0.07999608213615633
0.575        0.08352753248869893
0.5796       0.08490330520948088
0.5842       0.09608875090948638
0.5888       0.09141603756920999
0.5934       0.07311854240936326
0.598        0.06938511378162707
0.6026       0.06647055500226848
0.6072       0.05370262574431804
0.6118       0.06681373162646587
0.6164       0.05675630605317004
0.621        0.046240819827629606
0.6256       0.06634181434679634
0.6302       0.058760681144480915
0.6348       0.046489508776172805
0.6394       0.048405068071686146
0.644        0.04242911846603095
0.6486       0.04036330893581428
0.6532       0.03663702021257906
0.6578       0.0348528449294436
0.6624       0.03640616202620565
0.667        0.035876255118891406
0.6716       0.037242272652399586
0.6762       0.029091858883434664
0.6808       0.028128680528982267
0.6854       0.02696397179867517
0.69         0.030498874119676517
0.6946       0.024290945591214086
0.6992       0.02319447966498351
0.7038       0.02625366395748467
0.7084       0.027004930272024268
0.713        0.021015227736195748
0.7176       0.02073675850497415
0.7222       0.01691557788057877
0.7268       0.02149477657526458
0.7314       0.018239810686658097
0.736        0.015096095086560098
0.7406       0.014180083415577697
0.7452       0.013986422635877339
0.7498       0.012690399303707332
0.7544       0.015149740175149777
0.759        0.013513362412040996
0.7636       0.011441324305566962
0.7682       0.010967086969822284
0.7728       0.009883580357474414
0.7774       0.009451376855015134
0.782        0.011223897630359763
0.7866       0.01001106742330639
0.7912       0.007281840138701671
0.7958       0.009660027731372317
0.8004       0.007758758854479197
0.805        0.008799978120454438
0.8096       0.006783405472109224
0.8142       0.006431548122869345
0.8188       0.0069034160156358874
0.8234       0.0058193971305987875
0.828        0.0056812807661034805
0.8326       0.005429427136001967
0.8372       0.005140514962763587
0.8418       0.005858807224219889
0.8464       0.004489672683097337
0.851        0.0043528660796054
0.8556       0.0041138675316553285
0.8602       0.004006713764061696
0.8648       0.004278147054017115
0.8694       0.0039823415502940164
0.874        0.0033569846107677124
0.8786       0.0032772883493390114
0.8832       0.0031319844833397528
0.8878       0.002974743743628282
0.8924       0.0033794954593948947
0.897        0.003014384348733814
0.9016       0.003057901136223787
0.9062       0.0022887956293863353
0.9108       0.002316508134504848
0.9154       0.0022133909889222162
0.92         0.0022940056778845
0.9246       0.001897348676222218
0.9292       0.0022649771959716123
0.9338       0.0022647265536064813
0.9384       0.0017303992361204976
0.943        0.0016007242452777848
0.9476       0.0015128234640193244
0.9522       0.0016539110917916052
0.9568       0.001537448862419426
0.9614       0.001310443899753339
0.966        0.0015180503421077596
0.9706       0.0011505433689348117
0.9752       0.0013735247358702307
0.9798       0.0013733139575844548
0.9844       0.001010592547056731
0.989        0.0009644175123275921
0.9936       0.0011244400567078613
0.9982       0.0008697625142808789
1.0028       0.0008149340655544562
1.0074       0.0008138898287173001
1.012        0.000748556867329268
1.0166       0.0006889960308425546
1.0212       0.0005971907413685981
1.0258       0.0007975880176719105
1.0304       0.0006187866532010463
1.035        0.0005711490844866326
1.0396       0.0007167052165566046
1.0442       0.0006485696823241595
1.0488       0.0005165211815273958
1.0534       0.0005867965884984617
1.058        0.00043922440779218695
1.0626       0.00042305367077655784
1.0672       0.00042474973428610255
1.0718       0.0004040241448637421
1.0764       0.00038403587768725205
1.081        0.0003481666840848598
1.0856       0.0003394941317262941
1.0902       0.0003168289853450812
1.0948       0.00029964673923273035
1.0994       0.0002992623469096053
1.104        0.0002663348334836435
1.1086       0.0002687028464482354
1.1132       0.00030623260981371946
1.1178       0.00024389354941161214
1.1224       0.00024511164514568194
1.127        0.00021000651635937845
1.1316       0.00025069599221822213
1.1362       0.000210953070364911
1.1408       0.0001816977765444513
1.1454       0.00017545934894383632
1.15         0.00020662390236346869
1.1546       0.00019521674040217017
1.1592       0.00015498362533563817
1.1638       0.00014363892335377554
1.1684       0.0001403522841231826
1.173        0.00013435528223939173
1.1776       0.0001268765422275347
1.1822       0.0001220930901095727
1.1868       0.00011613548502734972
1.1914       0.0001226811355140436
1.196        8.923356764476011e-05
1.2006       9.94875586321257e-05
1.2052       9.156654416872912e-05
1.2098       8.534197773247403e-05
1.2144       9.012425228498188e-05
1.219        9.691002411160108e-05
1.2236       7.783152430507911e-05
1.2282       7.324522859740459e-05
1.2328       6.848534262241302e-05
1.2374       6.391310926505245e-05
1.242        6.318221336322605e-05
1.2466       5.648307789141604e-05
1.2512       7.177010011368863e-05
1.2558       5.420460308503755e-05
1.2604       6.17753317757377e-05
1.265        4.706988964167852e-05
1.2696       5.241219871828662e-05
1.2742       4.468373419179397e-05
1.2788       4.7422004584429625e-05
1.2834       4.4082554927711295e-05
1.288        4.1931511309453384e-05
1.2926       3.42496417652427e-05
1.2972       3.4584853080819553e-05
1.3018       3.1726539442291645e-05
1.3064       3.12920082994407e-05
1.311        2.9765088948558484e-05
1.3156       2.8287530668636924e-05
1.3202       2.851927160574064e-05
1.3248       2.4564164108928548e-05
1.3294       2.67667595544161e-05
1.334        2.793396365002412e-05
1.3386       2.1462295892165315e-05
1.3432       2.041502495757431e-05
1.3478       2.0069170747263954e-05
1.3524       1.8974522074633306e-05
1.357        1.9799155651673674e-05
1.3616       1.637558825882941e-05
1.3662       1.538281777853534e-05
1.3708       1.859452222530357e-05
1.3754       1.409347539363086e-05
1.38         1.2063653786975514e-05
1.3846       1.3141092040024355e-05
1.3892       1.2419419610421051e-05
1.3938       1.2226000574141693e-05
1.3984       1.4893573920607004e-05
1.403        1.0554675387526302e-05
1.4076       1.0410116453946064e-05
1.4122       1.0486077551325153e-05
1.4168       1.0346576484302263e-05
1.4214       8.95139792698453e-06
1.426        8.580102894426602e-06
1.4306       7.732195006501108e-06
1.4352       8.655395613948259e-06
1.4398       7.073504900731997e-06
1.4444       9.031006357513327e-06
1.449        6.676539117871272e-06
1.4536       6.144963962738146e-06
1.4582       7.772438698381539e-06
1.4628       5.380022470564683e-06
1.4674       6.547426319200243e-06
1.472        5.668782101456493e-06
1.4766       4.71340721828609e-06
1.4812       5.248365959594459e-06
1.4858       4.474465271029616e-06
1.4904       4.2266535243307326e-06
1.495        4.051336109685515e-06
1.4996       3.836401855241256e-06
1.5042       3.4912203600169177e-06
1.5088       4.357853973534631e-06
1.5134       3.315221163370552e-06
1.518        3.7511273285052657e-06
1.5226       2.999576459305331e-06
1.5272       2.7186032883994215e-06
1.5318       2.855812791613772e-06
1.5364       2.5928040360909677e-06
1.541        2.353186929475726e-06
1.5456       3.0044010899714913e-06
1.5502       2.129138217452642e-06
1.5548       2.0509504401668364e-06
1.5594       1.9508724689511323e-06
1.564        2.0843184415779704e-06
1.5686       1.805717474560158e-06
1.5732       2.058004770341437e-06
1.5778       1.5403768147415065e-06
1.5824       1.647178208639204e-06
1.587        1.4889905204427123e-06
1.5916       1.6847723656694846e-06
1.5962       1.4176261866205663e-06
1.6008       1.3484518403777912e-06
1.6054       1.449981194087968e-06
1.61         1.0852829099405881e-06
1.6146       1.0453252071819463e-06
1.6192       9.943176191400838e-07
1.6238       9.9830274898828e-07
1.6284       8.996478796914786e-07
1.633        8.602828138781149e-07
1.6376       8.334547025945227e-07
1.6422       7.902083975678664e-07
1.6468       8.481691095134637e-07
1.6514       7.219498372473991e-07
1.656        7.028595583753017e-07
1.6606       8.361904792761976e-07
1.6652       6.173398004105834e-07
1.6698       6.050883069349311e-07
1.6744       5.780708710325655e-07
1.679        4.6695005646313345e-07
1.6836       5.676499479791986e-07
1.6882       5.892358932724661e-07
1.6928       4.958036153161771e-07
1.6974       5.331342907074266e-07
1.702        4.653363684958834e-07
1.7066       3.9225962599443776e-07
1.7112       3.74335827257255e-07
1.7158       4.5876445597095024e-07
1.7204       3.8094461816484684e-07
1.725        3.181302260824026e-07
1.7296       3.026067745182104e-07
1.7342       2.846871972225884e-07
1.7388       2.8497356074197454e-07
1.7434       2.700453866469985e-07
1.748        3.232255926701555e-07
1.7526       2.3305734111325192e-07
1.7572       2.608836735971565e-07
1.7618       2.2087456930147909e-07
1.7664       2.0470660771787052e-07
1.771        2.1181796458520807e-07
1.7756       2.0871556518198276e-07
1.7802       2.0314936096923476e-07
1.7848       1.7254178523629096e-07
1.7894       1.4055280559475137e-07
1.794        1.5681572535161336e-07
1.7986       1.4563501555984412e-07
1.8032       1.5480631054742845e-07
1.8078       1.6868015621128052e-07
1.8124       1.604492566364257e-07
1.817        1.3614608536851592e-07
1.8216       1.1340556366194772e-07
1.8262       1.0964218452864216e-07
1.8308       1.0509433271788992e-07
1.8354       9.920306670483825e-08
1.84         9.546291586559619e-08
1.8446       9.038382738584261e-08
1.8492       8.399948412543488e-08
1.8538       8.183664986194826e-08
1.8584       9.255476712985988e-08
1.863        8.078800351185578e-08
1.8676       9.055610699576278e-08
1.8722       6.679472605419789e-08
1.8768       6.368053330696455e-08
1.8814       6.059118981340816e-08
1.886        5.5932265766003297e-08
1.8906       5.1960593888722424e-08
1.8952       5.093469515303841e-08
1.8998       5.9401798425813726e-08
1.9044       6.068864430277543e-08
1.909        4.300840763526992e-08
1.9136       4.241935495020144e-08
1.9182       3.800857796498747e-08
1.9228       3.680315537113898e-08
1.9274       4.399890406630469e-08
1.932        3.494783729252049e-08
1.9366       3.338740319946965e-08
1.9412       3.446739112344943e-08
1.9458       2.850746843865437e-08
1.9504       3.403225490474782e-08
1.955        2.5793249708172538e-08
1.9596       2.56989456527279e-08
1.9642       2.4559325147777143e-08
1.9688       2.7859147724768716e-08
1.9734       2.2375475765556986e-08
1.978        2.537772379120895e-08
1.9826       2.0011692778574287e-08
1.9872       1.6353436803839827e-08
1.9918       1.8163989721209362e-08
1.9964       1.6442560497864634e-08
2.001        1.601419780246971e-08
2.0056       1.5596897950333146e-08
2.0102       1.4835833736240645e-08
2.0148       1.3782446919243795e-08
2.0194       1.2803773505254412e-08
2.024        1.231391376865787e-08
2.0286       1.227599890540887e-08
2.0332       1.114149856373814e-08
2.0378       1.0351377595085865e-08
2.0424       1.0023089137423113e-08
2.047        9.365814443995645e-09
2.0516       9.493292717266398e-09
2.0562       9.050683129530058e-09
2.0608       8.589430764871507e-09
2.0654       8.18896371281852e-09
2.07         7.293134416386237e-09
2.0746       9.267003578088406e-09
2.0792       6.885924948802291e-09
2.0838       7.0562694906328714e-09
2.0884       6.362188782915723e-09
2.093        6.613644871755753e-09
2.0976       5.773705036276055e-09
2.1022       5.983954339150444e-09
2.1068       4.453746622523624e-09
2.1114       5.90840995773334e-09
2.116        4.422331780773447e-09
2.1206       5.3458652620186345e-09
2.1252       4.096546062370976e-09
2.1298       4.4323146992653054e-09
2.1344       3.843282149546212e-09
2.139        4.4058771371418e-09
2.1436       4.162637434980354e-09
2.1482       3.3277876077875136e-09
2.1528       3.791871612781606e-09
2.1574       3.004083650282041e-09
2.162        2.7982633238368137e-09
2.1666       3.241566876521773e-09
2.1712       2.531838462902236e-09
2.1758       2.687616905916457e-09
2.1804       2.7898202007214932e-09
2.185        2.869481972673782e-09
2.1896       2.1085595606002983e-09
2.1942       2.4009297081857283e-09
2.1988       1.7971217314283194e-09
2.2034       1.9907175747846394e-09
2.208        1.7371703251001236e-09
2.2126       1.5466727898427735e-09
2.2172       1.8695957685395115e-09
2.2218       1.501591917474343e-09
2.2264       1.4163467563221844e-09
2.231        1.35272960619659e-09
2.2356       1.2568059505918327e-09
2.2402       1.1600494815411366e-09
2.2448       1.3848675164851443e-09
2.2494       1.1652747470947133e-09
2.254        1.022255492522106e-09
2.2586       1.0016713920535382e-09
2.2632       9.219182467035125e-10
2.2678       9.028888845463712e-10
2.2724       8.368622000176628e-10
2.277        8.20255456801533e-10
2.2816       7.547217686987295e-10
2.2862       7.202371294923182e-10
2.2908       9.080282330842238e-10
2.2954       6.744221821008977e-10
